77777777777777777777777777777799999111111111111111199999777777777777777777777777777777
77777777777777777777777779118888881117777771777978118888881177777777777777777777777777
77777777777777777777791888811111111117177178879878111111111888819777777777777777777777
77777777777777777718881111111111111117188977889778111111111111118881777777777777777777
77777777777777718881111111111111111118899387778871118888811111111118881777777777777777
77777777777798881111111111111111888887777797887188817777181111111111118889777777777777
77777777779881111111111111118888197988717777777788977777778111111111111118897777777777
77777777988111111111111111181777777771881977988817777777778111111111111111188777777777
77777778811111111111111111877777777777771888897777777777779881111111111111111817777777
77777988111111111111111111177777777777777777777188888777777711111111111111111188777777
77771811111111111111111111177777719777777779181977788177777778111111111111111111897777
77718111111111111111111111181779898811188888111188798877777778111111111111111111189777
77981111111111111111111111118888778111177777919718798177777718111111111111111111118977
77811111111111111111111111118889787777887718877778181791979881111111111111111111111877
78111111111111111111111118889718181888887788888888177131188811111111111111111111111817
98111111111111111888888881777778877777777797777778798877777881111111111111111111111189
91111111111111111197779177777778887777711917777798817777777788888811111111111111111189
11111111111111177777777777777777187777991199777181777777777777779111811111111111111111
11111111111111188978887777777777988777791117771887777777777771177777711111111111111111
11111111111111187788877777777777778881777777188177777777777777887788111111111111111111
11111111111111187718877777777777777888888188887777777777777777187778111111111111111119
98111111111111118777897777777777777718111118877777777777777777817798111111111111111189
98111111111111118877887777777777777777881188777777777777777771877181111111111111111187
71811111111111118979818977777777777777711117777777777777777798977881111111111111111897
77811111111111111778111887777777777777771177777777777777777181877781111111111111118877
77781111111118888778111118177777777771888888177777777777771811817781111111111111118777
77798111111819777778111111888177777988177771888977777777181111897788881111111111187777
77777888819977777771111111199881798818777777181889777188111111777777791811111118877777
77777789777189711881111111877788881918977777887718888891111117777777777918111181777777
77777777188887781111111111877781897788777777889779817778111118889777711777918897777777
77777777718779881111887788777188777188777777888777881778117811118817718888177777777777
77777777777783891118177889771887771881777777788177188771887788111888177188177777777777
77777777777771771887778897788877718817777777798817718877181771887798887797777777777777
77777777777777778877788177881779888777777777779881771887718877788171817777777777777777
77777777777777777777888778817788817777777777777988977181771889798877777777777777777777
77777777777777777777779778377781877777777777777718877788771881777777777777777777777777
77777777777777777777777777777988877777777777777788877788777777777777777777777777777777
77777777777777777777777777777777777777777777777799977777777777777777777777777777782427
