888888888888888888888888888888888838888888333333333333333333
888838888888888888888838883338888883338888338833333333333333
888888888888888888888888833883333333333388833333388833333333
888888888888888888888883333888888888838338833333333333338333
888888888888888888888338888888888338888833383333333833333383
888888888888888888833888888888888883888888888333333333333333
888888888888888883888888888883888888388833388333833333333333
888888888888888888888888888888838888888888833333333333333333
888888888888883888888888888888888888883888888888838333333333
888838388888888888888888888888883111111111198888888333333333
888888888888888888888888888883111111199777111117793833333333
888888838888888883888888889711117779999977999111793833333333
888888838888888888888888911117777777717779977977773833333333
888888838888888888888831119777777777777177799997333883333333
888888838888888888888111797777777777777777779337193383333333
888888833888888888881199977777777777777777777793717883333333
888888833888888888817977777777777777777777779773997883333333
888888833888888888117777777777777777777777777793999983333333
838888883888888881177777777777777777777777779973997188333333
833888883888888871777777777717777777777777777799937783333333
888888883888888117777777777777777777777777777799937983333333
888838883888888177777777777777777777777777777799737383338333
888838388888881177777777711111177777777777777779937983333333
888888888888871777777777999391117777777711777779931983333333
888888883888317777777779977888877777771111179339991383333333
888883388888773777779977999393377977777988888999979833333333
888888883883183777777771793977999977799337799999119833333333
888888883881989177779979391117999971933833997179997383333333
888888888833839777777799913887333971788988378399971193333333
888888888719979777777993798881831771189198919839997178333333
888888888913979777777799711977971771183111117999997733333833
888888888719717979777117171177997777198177779739991133333333
888888888317977979777779777779911777113177799979997783383333
888888388817977999777777777999117997178717971119979333333833
888888888871997779777777777771777777773917771179973333333333
888888838831997779977777777777117777779871777799979333333333
888888888881977977997777777171199777777831777799917833333333
838888888881771997997799777117337799177337177799977833333333
838838888887171717797997777773997177117337777799979333333333
888838388838771811799797777799773377111987777799773333333333
888888888838998831779977977997717883111889197793773333333333
888888888887138881179997779997777117888883177733713333333333
888888888887117133177999999797777717888839197739773333333333
888883888888791178777799977777717711119397171791193333333333
888838888888177711797177977778899993338888871737133333333333
888838888881111771197777977788793979377793371739333333333333
888838888831111111173777997937117779999333791999833333333333
888888888811111111119997977717777997771977799997933333333333
888888388311111117111997777977977977777971799999773333333333
888888888111177111111139777977777977777997799939997333333333
887883388111111111111173979997797717779777999999999993333333
897793883111111171111117377797777979797779979999999979333333
893839981171111171171111939779999999777939738799999999738333
873838381111117111111111138399999979993339783799999993113833
373333881111717717711111118897999999999999733779999993111833
393383881171111111117711111888399997797979738799999993113833
383383881111111111111111711133333333939999739799999933118333
388838888738311938397111111111399933399999983999999931188333
338838388888831113338888711111999991999999733399999971883333
393833338389388117393711888911139991739997777779971733333333
998838888388888811989111198833773339113377977997779888393333
988888838888388881111117719839999393377113393377888888839333
388883883888883388311117711389997779171138997711388888883933
383833888888988888881111111189777799333991111179118838888393
388888883888888888888111111119111799331111119899118888888883
388883883388888888888811171119911931971111113999718888888888
383888888888888338888881111111871787177711139997739988888888
388888888888888838888883111111777799771711999777779993904827
