79999333388883993393839799977999381111111111111111111111111111111111111111
77777777777777779777777777797779777398811111111111111111111111111111111111
79999997777777777777777777777777779999998111111111111111111111111111111111
79999999997777777777777777777777777779999381111111111111111111111111111111
99999999999777777777777777777777777777999938111111111111111111111111111111
79999999999777777777777779999999999977777799811111111111111111111111111111
77777779997777777777779993333339333399977779981111111111111111111111111111
77777777777777777779999333888333333333397777931111111111111111111111111111
77777777777777777993333888888888888888839777798111111111111111111111111111
77777777777777799338888811111111888818833977999111111111111111111111111111
77777777777779938888888811111111111118888997979811111111111111111111111111
77777777777993388888888881111111111111111897799911111111111111111111111111
77777777779938888888888881111111111111111839779931111111111111111111111111
77777777779388888888888111111111111111111139779991111111111111111111111111
77777777779888888888881111111111111111111189779998111111111111111111111111
77777777799888888888888111111111111111111189777799111111111111111111111111
77777777793888888888888111111111111111111183977779311111111111111111111111
79997777793888888888888111111111111111111183377799981111111111111111111111
79997777793888838888888111118888111111111183977779931111111111111111111111
79997777793888838888888811888888111111111188977777993111111111111111111111
79397777793888888888888888888811111111111188997777999811111111111111111111
79397777793888888888888888881111111111111183397777799311111111111111111111
79397777798888888888111188111111188381111183397777799331111111111111111111
79397777798333388811111111111133333333811113977777799331111111111111111111
93997777798999999388111111118339999999381113977777793398111111111111111111
98997777793999999933381111839999999933338111997799993393111111111111111111
38997777799999999999998888399999998881188111897798899883311111111111111111
33997777793388883999993881833333388811111111839993883883931111111111111111
33997777798888883993388381111839999381111111399938383388338111111111111111
99977799998183999999383811111839399333811111399988383338383811111111111111
99977799998833999333883881111183338111111111393831839338838811111111111111
79977793998838888888833381111188881111111111898838899938883881111111111111
79777779998888818883333381111111111111111111139938393993888881111111111111
77777777938888888833333381111111111111111111139338993999988888111111111111
77777777938888888333333381111111111111111111133338999999938838111111111111
77777777938888888833333381111111111111111111133388979393938883811111111111
77777777938888888333333381111111111111111111133813997999938888388111111111
77777777938888888388333381111111111111111111838113977799988888338888881111
77777777798888888888333811111111811111111111838113977793938883888888888818
77777777798888888888338111111111181111111118393889777793393888338888888888
77777777798888888888888111111111111111111118393899777799333333388833888888
77777777798888888833393811118111111111111183399997777799933338888888888888
77777777793888188339999381833333881111111883399999779779993338888888888888
77777777793888889999999933339993338111111883999999779799393338888888811888
79777777779881839999933939339993333381188883399997777793333333888888811888
97777777779388839999999933999393333381188883999997777799393333388888888888
99977777777938839933333388393833333331188333999997777799933333388888888888
38977777777993839333888883338883338838833399399977777779993993333888888888
31977777777799333833338888811111183883383999999997777779339398383888888888
38977777777779338883388881111111183383333399999977799799333338338888888888
38997777777777993888888881111111188888999999999999999993333988888888881811
33397777777777993888888888888111888883999999999779999393339388888888181111
39997777777777793383333333338888383339999999997779999999333388888888118111
37997777777777799933339338333838338333399999997999993993338333888888111111
99977777777777779933393383333383333399399999997999999993333883338881111111
99777777777777797939993333833383333399939799999939933993933388838111111111
77777777777777777999993333333383333339999993333999933338933381838181111111
77777777777777777999993993333383339339399993838899939339933888881111111111
77777777777777777999999993339333839393993833883899333339933883381111111111
77777777777777777999939999399833339333938833883988399999999388881111111111
77777777777777777999939999999833993393388883883938399939993311188111111111
77777777777777777799933999939333999338111183818999993383993311118111111111
77777777777777939979993999999339999931111183818997993388833818888111111111
77777777777779988999999399999339993381111133888997799381111118888118881181
77777777777777311739777997777783999311111197881979799788818888833888888811
77777777777777818933333933939933333811111833881877799993388888888888889481