11111111111111111111111111111111111111111111111111111
11111111111111111111111111111111111111111111111111111
11111111111111111111111111111111111111111111111111111
11111111111111111111188888888811111111111111111111111
11111111111111111888889999999888811111111111111111111
11111111111111188899377777777739888111111111111111111
11111111111111889777777777777777798811111111111111111
11111111111111897777777777777777773881111111111111111
11111111111118877779777777777777777981111111111111111
11111111111118977798977777777777777788111111111111111
11111111111118977988937777777777777798111111111111111
11111111111118977799977777777777777798111111111111111
11111111111118977773777777777777777798111111111111111
11111111111118977777777777777777777798111111111111111
11111111111118877777777777777777777798111111111111111
11111118888888899999999993777777777798888881111111111
11111888999999999999999993777777777798988888811111111
11118897777777777777777777777777777799333333881111111
11118977777777777777777777777777777799333333388111111
11188777777777777777777777777777777799333333338111111
11189777777777777777777777777777777799333333338811111
11887777777777777777777777777777777799333333339811111
11897777777777777777777777777777777799333333333811111
11897777777777777777777777777777777793333333333881111
11897777777777777777777777777777777993333333333881111
11837777777777777777777777777777779933333333333881111
11877777777777777777777777777777399333333333333981111
11877777777777777999999999999999993333333333333981111
11837777777777779993333333333333333333333333333981111
11837777777777799333333333333333333333333333333981111
11897777777777993333333333333333333333333333333881111
11897777777777933333333333333333333333333333333881111
11897777777773933333333333333333333333333333333811111
11887777777779933333333333333333333333333333339811111
11189777777779933333333333333333333333333333338811111
11188777777779933333333333333333333333333333398111111
11118977777779933333333333333333333333333333388111111
11118897777773933333333333333333333333333333881111111
11111888999998933333333339888888888888888888811111111
11111118888888833333333339888888888888888881111111111
11111111111118833333333333333333333381111111111111111
11111111111118833333333333333333333388111111111111111
11111111111118833333333333333398933388111111111111111
11111111111118833333333333333988833388111111111111111
11111111111118833333333333333988893388111111111111111
11111111111111833333333333333388833381111111111111111
11111111111111883333333333333339333881111111111111111
11111111111111188333333333333333338811111111111111111
11111111111111118893333333333333988111111111111111111
11111111111111111888893333333988881111111111111111111
11111111111111111111888888888881111111111111111111111
11111111111111111111111888811111111111111111111111111
11111111111111111111111111111111111111111111111111111
11111111111111111111111111111111111111111111111111719
