999999999999999999999999999999999999999999
993999999999977179938839111799979999999999
999999779977173888888888887111779999799999
999797999779888888833338888883779999999779
999999997188888888838888888888911779999979
999999919888388888888888888888883179999979
999999738883888888888888888888888719979999
993997788838888888888888888888888871799799
993797888388888888888888888888888887797799
999773888388888888888888888888888888777999
999798883838888888888888888388888888817979
999188838838888888888888883388888888877999
999188338388388888888888883388888888831999
997983838388388388888888839388888888881999
997883838338388888888888333888888888881799
997833333338888888888883333883888888881799
999833383338889793338833333889888888887799
979833388888711177799999999339338888889199
973833383931177999999999938888883888883799
973838387173888888333339388888888888883199
973838887188839933333333333999933888883199
973833881789117999933933333999993388883199
979833881791738883331193333888399338888199
973838881977888888993388938888883338888199
979888889833917333983738833333333338888799
991877381797933339981793893333333398988199
997887787799797799891793339999933998983799
977981187717333338317793338333339998339799
999931389797777798997793333399993338337979
999979379797177989111733999333339338989979
999973313797779383783933883333339338387799
999997373797773889988338883333333338339999
999739179997773837779383333333333388337999
999933173797798397777339933333333383339999
999933798177973311933338883393333387979999
999799393777973838333383333888333387999999
977797973777773888111711779883933887999999
999399793977979873999399888399333837799979
979393739377979317793393333333333899999999
997373999377979377773333333333333879999999
999399999397777377798833333333338379999999
999997999999777997993399933333338799999999
997999999993797777779999933333338799999999
997999999933799977799393333333338799999999
939399979993199997993393333333338999999999
979399979393779933333333333333338999999999
999979773993777999388333333333338999999999
937979993999977777793333333333338999999999
999999993933979977779333333333333379999999
999999999998977977779333333333333399999999
999999939987177977777999333333333389999999
939999939871377977779999333333333388999999
999999993917817777799793333333333338999939
999979339117817799779793333333333338379999
999993831117817799779933333333333338379999
999393711117877779779933333333333338879999
937111111111831779779933333333333338879999
971371111111887779979999333333333338379999
777777711777939999999993333333333333401563
