77777777717777777777717777777771777777777111111111111111111111111111111111111111111111111
77777777777777777777777771771777773999888888888888931111111111111111111111111111111111111
77777777777777177117177777773988888888888888888888888888377771111111111111111111111111111
77777771717717777777777988888888888888888888888888888888888888897111111111111111111111111
77777777777777777773888888888888888888888888888888888888888888888899711111111111111111111
77777777777777779888888888888888888888888888888888888888888888888888887111111111111111111
77777777777777788888888888888888888888888888888888888888888888888888888871111111111111111
71777771777779888888888888888888888888888888888888888888888888888888888888711111111111111
71177771777388888888888888888888888888888888888888888888888888888888888888889111111111111
11777771779888888888888888888888888888888888888888888888888888888888888888888971111111111
11771171788888888888888888888888888888888888888888888888888888888888888888888883117711111
17771171888888888888888888888888888888888888888888888888888888888888888888888889777111111
11117773898888889888988888888888888888888888888888888889998888888888888888888888311111111
71117738898888899889988888888888888888888888888888888999988888888888888888888888811111111
71117798899989889999999888888888888888888888888888999999988888888888888888888888871111111
77777399999999888999999888889337777399999888888999999999998888988888888888888888871111111
17777399988889888889999999771111117777773333333333333339999998888888888888888888897711111
11777999899988888993333777733999999993333333333333339988888888888888888888888888897771111
17773999998988888971173399988888888999993393333333999998888888888888888888888888887177111
11777999999988888911733339933773333333399993333399999999999999399999988888888888887771111
11177998998888888311777777733339999999933333773399999999999888999999999988888888883177717
11117998898888889711173717988888888888939977733999999988888888888889999888888888889771711
77777998888888889979887399933398899993333993333399999999999999999999999999888888889777711
77777799889888889711737777777733999999339997117333888999999999999999339999888888889777777
77717738899939988711173311177777777777739971117733999993333333333339999399888998897777717
77777779399377188311111177333333333339991111117733333999999999999333333399888999931771777
77777717399179999311111111111117777333311111117773333399999933333333333399888933977777177
77777777711179973311111111111117773333111111177733333333399993333333333999889999977777777
77777777777333717711111111111177333393799989373333988889999999933333333999889999971777777
77777777777773731771111111111773333337777773993999999999999999993333339999899339977777777
77777717773311111111111111117739933771117777339999999999999999999333339999999333377777777
77777777777771113371111111117733337711111777333333999999999999999333339999999333777777777
77777717777777777991111111111733333777777333333399999999999999999333339999377777777777777
71777177771777777771111111111739888888933733773377933939988888993333399999777777777777777
77717777777777177777111111111739999888877171177117333998888999933333999999777777777777777
77777777777777777777711111111173337111777777733333399999999333333339999993777777777777777
77777777777777777777771111111117771111111773333399999999333333333399999997777777777777777
77777177777777777777777111111117771111111733999999999993333333333999999977777777777777777
77777777777717777777777711111111111111177733333333399333333333333999993777777777777777777
11777177777177777777777771111111111111111777777333333333333333399999993777777777777777777
77777177777777777777777777111111111111111777337733333333333399999999993777777777777777777
77777777777777777777777777111111111111177773333333999333999999999999993777777777777777777
71717777777777771777777777111111177777777733333999999999999999999999993777777777777777777
17777717717777177777777777711111111111773339999999999999999999999999999777777777777777777
17777177717777777777777777711111111111111773333399999999999999999399999777777777777777777
77777717777777177777777777711111111111111117733333999993999999333333999377777777777777777
77777777777711777777777777711111111111111117777733333333399999333333999993377777777777777
77777777777717777777777711111111111111111111177777333333333333333333339988933777777777777
77777777771177777777771111711111111111111111117773333333333333333333339998889377777777777
77777111771177777771111113911111111111111111117773333333333333333333333999988377777777777
77777771111777777711111113911111111111111111177333333333333333333333333999988377777777777
77777771117777111111111113991111111111111111777733333333333333333333333339988977777777777
77777771111111111111111117893111111111111111777733333333333333333333333339998977777777777
77771111111111111111111111989371111111111111777773333333333333333333333339998377777777777
11111111111111111111111111799937111111111111777733333333333333333333333339999777777790353